50
50
51
52
53
54
56
57
57
58
58
59
60
60
61
62
62
63
63
63
63
64
64
64
65
66
66
67
67
68
68
70
70
71
71
72
72
72
73
74
76
77
78
79
79
79
80
81
82
83
84
86
87
89
89
89
90
91
92
92
93
93
95
96
96
97
97
97
98
99
100
102
103
103
104
104
104
104
104
105
109
110
110
110
112
112
114
114
115
115
118
120
120
121
121
125
125
125
126
126
126
127
128
129
130
130
132
133
134
135
135
135
136
137
140
141
142
143
144
145
145
146
147
149
150
151
153
153
154
155
157
158
159
160
161
161
162
164
165
167
168
168
168
169
173
173
173
176
177
178
181
181
181
181
183
184
185
185
187
188
188
190
192
193
195
197
197
199
200
201
201
204
207
208
209
210
213
213
215
216
219
219
221
224
225
226
228
230
230
233
236
238
239
242
243
245
246
248
249
250
250
256
256
257
259
260
263
264
268
273
274
275
278
278
280
281
282
286
290
292
294
296
302
307
310
317
320
323
325
329
332
332
334
336
336
339
339
340
342
347
349
351
352
356
356
359
362
365
371
377
383
386
388
399
401
410
410
415
419
423
427
428
429
430
432
432
437
442
443
447
451
454
455
458
459
472
477
481
484
494
494
500
513
514
521
524
535
536
537
537
538
559
565
566
590
592
593
595
595
613
624
628
629
655
656
658
661
665
684
746
749
792
793
815
821
826
830
834
846
847
847
849
853
881
884
897
918
933
936
993
1004
1015
1016
1025
1037
1038
1039
1053
1069
1073
1087
1121
1154
1175
1176
1184
1223
1242
1291
1329
1375
1431
1442
1446
1531
1550
1603
1610
1638
1667
1671
1732
1850
1889
1903
1911
1965
2039
2054
2060
2080
2109
2125
2152
2246
2423
2565
2617
2630
2646
2686
2755
2755
2964
2981
3003
3007
3060
3096
3242
3277
3277
3389
4194
4207
4232
4246
4314
4316
4468
4555
4575
4924
4977
5086
5243
5320
5386
5724
5883
5977
6692
6714
6820
6942
7826
8401
11004
11070
11139
11511
11932
13767
14500
14726
18013
18141
20155
21306
24250
