357.9830222
392.8613839
396.1361403
399.9109638
400.9600439
413.9525205
417.7743552
425.6798068
436.1027354
446.6808289
469.4485438
475.274509
483.0612472
483.4768737
483.8073556
484.0710045
487.2232886
489.1299904
490.0665994
490.3710898
493.3616141
493.6067418
498.3557191
498.8632778
506.2009309
506.9131066
509.2696318
512.3591444
515.3878825
519.1465621
520.0382135
521.4254314
521.6841391
523.6439845
523.7983648
524.3400783
526.8196643
526.8786828
530.7217821
530.9667127
532.0452445
533.8173387
534.2192238
535.1854895
536.3730976
536.7133675
538.9882775
539.4163693
540.3598717
541.2188681
542.1312006
546.6203982
549.4368865
549.9651215
550.2498953
550.3485802
551.6706577
555.1581644
555.4133415
555.5983294
557.3013239
557.7141451
558.3054389
560.0600181
560.850573
561.6216392
563.5851616
565.8221469
570.0036849
576.6144202
577.1530996
580.2888458
583.9060688
586.7494954
587.5258887
587.7130105
590.5211072
590.5926168
590.7265226
591.7782302
592.6043756
593.3221581
593.4261477
594.323198
595.3203535
595.5393394
598.3145597
603.2991012
605.3231169
606.4186905
606.5349833
611.0479581
612.7858176
612.8080585
612.9490449
613.8702169
615.4913894
616.9743415
617.2563554
617.7218698
618.313673
618.6165421
618.8247168
619.4405636
620.7966099
621.5782012
624.6296195
624.7599807
627.8122596
628.0298487
628.9452665
630.0343434
632.293445
633.6114434
634.0312621
636.669436
638.2715037
638.5732486
638.687643
639.4263312
639.8271539
640.3588506
641.6452972
641.7103437
642.4105469
642.8490151
642.8638984
643.5736393
644.491894
645.3306891
645.8167888
647.3710032
648.0881336
650.4617163
650.51259
650.9103191
651.6930582
652.0708363
652.5053155
652.7072631
655.8860634
655.9932363
657.0378301
657.3449183
658.1957751
658.7245453
658.7704734
658.8442364
658.9785412
658.9995762
659.0471289
660.0221981
660.0956929
660.5339505
660.8210786
662.0876013
662.2412392
663.3479249
663.568624
664.5371572
664.9583992
665.3933731
665.7608739
665.7796262
665.8624064
665.8752258
666.3981347
667.0173142
667.190408
667.3732123
667.377261
667.3872318
667.4439485
668.1573131
669.7317913
669.7385186
670.0642708
670.7079112
671.8799029
672.3953194
672.5494948
672.9362797
673.7714629
674.1399037
674.5009449
674.7568397
674.9732437
675.3265257
676.252451
678.0440402
679.6500293
680.5308329
680.7796397
680.8537
680.9473775
681.7674217
681.924242
681.9504956
681.9722749
682.0273653
682.2487911
682.7797167
682.9046981
683.8996053
683.9341359
684.8697913
684.9741362
685.4645718
685.8506886
686.0954841
686.9484424
687.0553984
687.6528553
688.0302867
688.1120801
688.4998484
689.6298586
690.1432209
690.281969
690.3874037
690.8927211
692.1801205
692.8587873
693.6272633
693.7445535
693.883645
694.0731069
694.5782587
694.9609175
694.9959729
696.2286967
696.4149377
696.6234742
697.2404282
697.3220546
697.582452
697.5914677
697.5980188
698.2339172
698.2934347
698.9688588
699.4835195
699.8204178
699.8940273
700.3068324
700.5117257
700.5624279
701.0806543
701.104069
701.3504358
701.4217522
702.5855154
703.5729531
704.0712743
704.5678079
704.9275799
706.0302206
706.3773007
706.8203207
707.224048
707.3329655
707.4274272
707.6301877
707.7452201
707.9724261
708.2990739
708.4633913
708.6234792
709.1608648
709.8573281
710.8430423
712.8107744
712.8189149
713.3957015
713.4109232
713.5888259
713.896561
714.0009721
714.2138534
714.895712
714.9240534
715.0602339
715.3884223
715.4445466
715.7438114
715.9543831
716.1193993
716.2618506
716.8360379
717.2197118
717.3211223
718.1806804
718.3663713
718.5125655
719.151054
719.3081434
719.3577253
719.5836557
720.072689
720.1137645
721.355073
722.613426
722.7823379
722.8780543
723.193042
723.3782234
723.9301655
724.5597488
724.6608923
724.7173002
725.0932622
725.5169258
725.6107341
725.6667839
725.7592116
725.8283541
725.8758785
726.2977917
726.3855676
726.5723153
727.1353538
727.2700068
728.0241198
728.8429973
729.3375277
729.3484405
729.5320826
730.1858105
730.5381305
730.6516083
730.7472282
731.0327667
731.0593728
731.2541792
732.1870929
732.5023264
732.9044974
733.2851283
733.3357432
733.8446405
734.5938329
734.6632969
734.9258461
735.2182566
735.2312422
735.4336704
735.5825566
735.7241817
736.1597486
736.3485491
736.3970089
736.4005083
736.4994158
736.514657
737.0791897
737.5398356
737.9154159
738.0009821
738.4025141
738.7466288
738.9793024
739.2584397
739.420052
739.4967603
739.8986565
740.0064851
740.2187112
741.2477828
741.5240439
742.3032711
742.3749153
742.6451811
743.5307949
743.6662936
743.7293882
743.766485
744.198596
744.4876094
745.6796051
746.0547492
746.0644738
746.5447849
746.7353249
747.2124657
747.5882609
747.6488789
748.2209245
748.7844727
749.0299426
749.1943062
749.3461697
749.5501161
749.6039351
749.8906716
749.920525
750.2777296
750.8603776
751.2196696
751.3286619
751.4619783
751.5394361
751.5810553
751.7443835
752.0186915
752.1738944
752.5111387
753.0990595
753.1396607
753.6548103
753.6798898
753.9747519
754.246816
754.5258498
754.666859
754.7390861
755.1150513
755.2672417
755.3668751
755.8669768
756.5324373
757.8536967
757.9129734
757.9416557
758.2058179
759.4144379
759.5925494
759.6974886
759.7878916
760.8417724
760.8615536
761.1398595
761.1799615
761.1842393
761.6763126
761.7825581
761.8782876
762.5225955
762.9610868
763.2684351
764.2908153
764.6565984
764.7181678
764.9411083
765.443881
765.4863236
765.9315214
766.2187438
766.5255707
766.8945598
767.6066597
767.6921391
767.841728
769.8067523
769.946803
770.8279078
771.9481595
772.2644286
772.2845849
772.2904469
772.5631754
773.2028502
773.8064326
774.4008775
774.4093788
775.1607927
775.3225937
775.4210576
775.9028788
776.026377
776.4938943
776.5617202
776.5835582
776.8461715
778.0307632
778.3209647
778.769371
779.1750139
780.0854987
780.70565
781.0546768
781.4030453
781.8331752
782.2660427
782.2834049
782.8041107
783.0019274
783.069805
783.0737491
785.7904877
785.8658574
786.0156271
786.5752339
786.7139388
786.7736851
786.8411158
787.0597976
787.4803431
787.6803067
788.0520148
788.2548703
788.6553852
789.0763375
789.1000124
789.3530902
789.8906468
790.0254097
790.2566175
790.3031449
790.8040339
791.0672404
791.1330081
791.7788459
791.8859574
792.1438402
792.5131352
792.6859723
792.7140792
792.9258115
793.0679018
793.495697
793.7894253
793.9836043
794.4993125
794.5913061
794.6910222
794.9454897
794.9747834
796.33601
796.9837007
797.057211
797.363382
797.4575675
797.5884712
797.6035999
797.6803717
797.7818377
797.8716247
797.9798058
798.4381941
799.0370654
799.3047568
799.4142822
799.4614018
800.2237249
800.4469214
800.9559811
801.4835406
801.4953638
801.600721
801.9663671
802.0322238
802.4054711
802.4505968
802.5137734
802.6311787
802.9736405
803.1971442
803.7404257
804.5720958
804.7466566
804.8884614
804.976693
805.1675229
805.3836498
805.6593426
806.2115571
806.4517824
806.8670516
807.0933472
807.8457007
808.0430785
808.5654512
808.6430127
808.715758
808.9097572
809.0028595
809.1258023
810.4221303
810.5243583
810.5333703
810.7455359
811.7769834
811.8036281
811.8452594
811.9303772
812.2484206
812.8911298
813.008642
813.8577614
813.9099322
814.4365574
814.505775
814.6419976
814.9310373
814.9693412
815.0883537
815.2145468
815.7667446
815.8242299
816.0356984
816.1092949
816.3491332
816.4175414
816.612694
817.3851847
817.8548432
817.9319693
818.5422294
818.7380811
819.3782028
819.3787353
819.5609079
820.489857
820.6487481
820.7438759
821.1192794
821.4790265
821.5118143
821.5864204
821.6191832
821.8588246
822.5362685
822.7256861
822.8265691
823.1674632
823.1940225
823.7420722
823.7593888
823.9401585
824.2465199
824.612373
824.7254981
824.9108447
825.5388664
825.7754924
826.0587151
826.1028313
826.1608378
826.1644123
826.6131523
826.9942317
827.3501683
828.1335753
828.2472217
828.3534236
828.6135546
828.9662737
829.2142066
829.229524
829.4088674
830.3056262
830.4485628
830.9563769
831.0141258
831.6830371
831.7547687
832.1764176
832.8616854
832.9624085
833.5047184
833.5410718
834.0263092
834.3287501
834.4358913
834.8663504
835.0558014
835.0985485
835.5589534
835.7167013
835.8775965
836.5463649
836.5489272
836.7502628
836.7558175
837.0789156
837.3719204
837.3977544
837.5469019
838.9517715
839.146189
839.5588494
840.3816437
840.4786335
840.8928559
841.0227871
841.2105713
841.5172043
841.592131
841.7359287
841.8008189
843.9690728
843.9806225
844.0448229
844.7467401
844.760003
845.6138555
845.7110926
845.8408
846.4002193
846.9114401
847.6101918
847.996695
848.0446382
848.1428734
848.5918538
848.7267441
848.8656977
848.9256356
848.9768774
849.1022199
849.6758596
849.7856781
850.1502154
850.3566705
850.6816073
850.748616
851.174653
851.9882917
852.3856735
852.5328687
853.7064278
853.7155534
854.280483
854.3666698
854.9607448
855.7121186
855.8185189
856.0496744
856.0548632
856.1619828
856.8088527
857.0978607
857.6548459
857.8002396
858.0785445
858.2918423
859.0380885
859.053499
860.5135117
860.7568879
860.8055126
860.8199923
860.8621043
861.4450884
861.7652016
861.8533596
861.9672684
862.3390597
862.576336
862.6324105
862.7558801
863.0689208
863.2805389
863.4473039
863.5027334
863.6791492
863.9690435
864.1140055
864.4241295
864.7445477
865.7867309
866.1227811
866.3961443
866.9008641
866.929954
867.1577715
867.4979286
867.8834725
868.0787952
868.527433
869.3011133
869.5440387
869.6382586
869.7111229
869.7215527
869.8022774
870.2464831
870.8297649
871.1491925
871.1684063
871.1790049
871.550885
871.6729458
871.8681842
872.6413952
873.2176779
873.8291545
874.0431478
874.4858993
874.926684
874.9769638
874.9833356
875.0476372
875.3525993
875.4029701
875.7545629
876.308782
877.2038109
877.3443418
878.1337541
878.6172029
878.8908919
879.1182676
879.2230879
879.9028769
880.7468689
881.7904305
882.2982255
882.862641
882.9625775
883.6789995
883.7146509
883.8478668
883.8687553
883.9173661
884.384426
884.5309912
884.7818238
884.844168
884.9234733
885.0984465
885.3898633
885.4323162
885.4819689
885.8542185
886.1866431
886.5396064
887.0204251
887.3569517
887.3726808
887.914472
887.9595865
888.4086648
888.5340229
888.6792257
888.9264442
889.1155154
889.1696342
889.4451029
889.5634416
889.9773881
890.1182763
890.7569214
890.9883592
891.3546826
891.3752456
891.5601269
891.79593
892.0318687
892.1251508
892.3860134
893.3949294
893.9212627
894.4430872
894.6845385
894.970425
895.114518
895.1200835
895.4345367
895.9936522
896.0311986
896.5861804
897.4797125
897.5134228
898.0174965
898.1458216
898.1803953
898.3835956
898.3944605
899.0640547
899.3745812
899.3953708
900.4407825
900.566744
902.5064252
902.8604919
903.3473133
903.8637232
903.8710521
904.8556508
904.9802755
905.2084341
905.2340717
905.2842364
905.3297563
905.5193078
905.8540056
906.3744146
906.4161124
906.4841416
906.8043736
907.2828863
907.4045563
907.9795429
908.4099284
908.6490033
909.0675747
909.6545588
910.0744113
910.2984078
910.3171635
910.5537125
910.6861075
910.9189747
911.8769153
912.0440675
912.0603688
912.565544
913.2470323
913.2513457
913.4270366
913.7054807
913.7758943
914.294935
914.7280325
914.8378307
915.3470164
916.3640337
916.6005984
916.9087829
917.0841626
917.139297
917.3027804
917.3091118
917.3987993
917.7292297
917.9291854
918.0403447
918.0954174
919.1007782
920.3618612
920.6237394
920.9845197
921.5072687
922.9748092
923.3107201
924.3083313
924.6528338
925.4794724
925.6751888
926.0344857
926.1397463
927.1283943
928.016136
928.0614801
928.5908336
928.9626736
929.2241548
929.2298542
929.3709588
929.9138196
930.7646935
932.1210723
932.4786035
932.9106208
933.6427703
934.3688585
934.5243989
934.9452322
934.9783566
934.985647
935.4440839
935.551068
935.6496296
936.3480722
937.1028484
937.3692268
937.467109
938.1539275
938.1804206
938.6686907
938.9079217
939.7258434
940.2893482
940.9248114
941.5310286
941.7271493
941.8394944
942.4256219
943.1386389
943.7132999
943.7247198
945.304726
946.6914495
947.1787527
948.0697095
948.3186022
948.5992054
951.8864778
953.2037806
956.0791543
957.7682536
959.6430425
959.9670901
964.8463527
965.7810859
969.9129734
975.2037465
977.6260481
985.9574268
