40
40
40
40
40
40
40
40
40
40
40
40
40
40
40
40
40
40
40
40
40
40
40
40
40
40
40
40
40
40
40
40
40
40
40
40
40
40
40
40
40
40
40
40
40
40
40
40
40
40
40
40
40
40
40
40
40
40
40
40
40
40
40
40
40
40
40
40
40
40
40
41
41
41
42
42
42
42
42
42
42
42
42
42
42
42
42
42
43
43
43
43
43
43
43
43
43
44
44
44
44
44
44
44
44
44
44
44
44
44
44
45
45
45
45
45
45
45
45
45
45
45
45
45
45
46
46
46
46
46
46
46
47
47
47
47
47
47
48
48
48
48
48
48
48
48
48
48
48
48
48
48
48
49
49
49
49
49
49
49
50
50
50
50
50
50
50
50
50
50
50
50
50
50
50
50
50
50
50
50
50
50
50
50
50
50
50
50
50
50
50
50
50
50
50
50
50
50
50
50
50
50
50
50
50
50
50
50
50
50
50
50
50
50
50
50
50
50
50
50
50
50
50
50
50
50
50
50
50
50
50
50
50
50
50
50
50
50
50
50
50
50
50
50
50
50
50
50
50
50
50
50
50
50
50
50
50
50
50
50
50
50
50
50
50
50
50
50
51
51
51
51
52
52
52
52
52
52
53
54
55
55
55
55
55
55
55
55
55
55
55
55
56
56
56
56
56
56
56
57
57
57
57
58
58
58
58
59
59
59
59
59
59
60
60
60
60
60
60
60
60
60
60
60
60
60
60
60
60
60
60
60
60
60
60
60
60
60
60
60
60
60
60
60
60
60
60
60
60
60
60
61
61
61
62
62
62
62
62
62
63
64
64
64
64
64
64
64
64
64
64
64
65
65
65
65
65
65
65
66
66
66
66
66
66
66
67
68
68
68
69
69
70
70
70
70
70
70
70
70
70
70
70
70
70
70
70
70
70
70
70
70
70
70
70
70
70
70
70
70
71
71
71
71
71
72
72
72
72
72
72
72
72
72
73
73
73
73
74
74
74
74
74
74
75
75
75
75
75
75
75
75
75
75
75
75
75
75
75
75
75
75
75
75
75
75
75
75
75
75
75
75
75
75
75
75
75
75
75
75
75
76
76
76
77
77
77
77
77
77
77
77
77
77
78
78
78
78
78
78
78
79
79
80
80
80
80
80
80
80
80
80
80
80
80
80
80
80
80
80
80
80
80
80
80
80
80
80
80
80
80
80
80
80
80
80
80
80
80
80
80
80
80
80
80
80
80
80
80
80
80
80
80
80
80
80
80
81
81
81
81
81
82
82
83
83
83
84
84
84
84
84
85
85
85
85
85
85
85
86
86
86
86
87
87
87
88
88
88
88
88
88
88
88
89
89
89
90
90
90
90
90
90
90
90
90
90
90
90
90
90
90
90
90
90
90
90
90
90
90
91
91
91
91
91
91
92
92
92
92
92
93
93
93
93
94
94
94
94
94
95
95
95
95
95
95
95
95
95
95
95
95
95
95
95
95
96
96
96
96
97
98
98
98
98
98
98
98
98
99
99
99
99
99
99
100
100
100
100
100
100
100
100
100
100
100
100
100
100
100
100
100
100
100
100
100
100
100
100
100
100
100
100
100
100
100
100
100
100
100
100
100
100
100
100
100
100
100
100
100
100
100
100
100
100
100
100
100
100
100
100
100
100
100
100
100
100
100
100
100
100
100
101
101
102
102
102
102
102
102
103
103
103
103
103
103
103
104
104
104
104
104
105
105
105
105
105
105
105
105
105
105
106
106
106
106
106
106
107
107
107
108
108
108
108
108
109
109
109
110
110
110
110
110
110
110
110
110
110
110
110
110
110
110
110
110
110
110
110
111
111
111
111
111
111
111
112
112
112
112
114
114
114
114
114
114
115
115
115
115
115
115
115
115
115
115
115
116
116
117
117
117
117
117
117
118
118
118
118
119
119
119
119
120
120
120
120
120
120
120
120
120
120
120
120
120
120
120
120
120
120
120
120
120
120
120
120
120
120
120
120
120
120
120
120
120
120
120
120
120
120
120
120
120
120
120
120
120
121
121
121
121
121
121
122
122
122
122
122
123
123
124
124
125
125
125
125
125
125
125
125
125
125
125
125
125
125
126
126
126
126
126
127
127
127
127
128
128
128
128
128
129
130
130
130
130
130
130
130
130
130
130
130
130
130
131
131
131
132
132
132
132
132
132
132
132
132
132
133
133
133
135
135
135
135
135
135
135
135
135
135
135
135
135
136
136
136
137
137
137
137
137
137
138
138
138
138
138
139
139
140
140
140
140
140
140
140
140
140
140
140
140
140
140
140
140
140
140
140
140
141
141
142
142
142
142
142
142
142
143
144
144
144
144
145
145
145
145
145
145
145
145
145
145
146
146
147
147
147
148
148
148
148
148
149
149
149
150
150
150
150
150
150
150
150
150
150
150
150
150
150
150
150
150
150
150
150
150
150
150
150
150
150
150
150
150
150
150
150
150
150
150
150
150
150
150
150
150
150
150
150
150
150
150
150
150
150
150
150
150
150
150
150
150
150
150
150
150
151
151
151
151
151
152
152
152
153
153
153
154
155
155
155
155
155
156
156
156
156
157
157
157
158
159
159
159
159
160
160
160
160
160
160
160
160
160
160
160
160
160
160
160
160
160
160
161
161
161
161
161
161
162
163
163
163
163
163
163
164
164
164
164
164
165
165
165
165
165
165
165
165
165
165
165
165
166
167
167
167
167
167
168
169
169
169
169
169
170
170
170
170
170
170
170
170
170
170
170
170
170
170
170
170
170
170
170
170
171
172
172
172
173
173
173
173
174
174
174
175
175
175
175
175
175
176
176
177
177
177
178
178
178
178
178
178
179
179
180
180
180
180
180
180
180
180
180
180
180
180
180
180
180
180
180
180
180
180
180
180
180
180
180
180
180
181
181
181
181
182
182
182
182
182
182
182
183
183
184
184
184
184
184
185
185
185
185
185
187
187
187
188
188
189
190
190
190
190
190
191
191
191
192
192
192
192
193
193
194
195
195
195
195
195
195
195
195
196
196
196
198
198
198
198
198
198
198
198
198
198
198
199
200
200
200
200
200
200
200
200
200
200
200
200
200
200
200
200
200
200
200
200
200
200
200
200
200
200
200
200
200
200
200
200
200
200
200
200
200
200
200
200
200
200
200
200
200
200
201
201
201
202
202
202
203
204
204
204
205
205
205
205
205
205
205
205
205
207
207
208
208
208
208
209
210
210
210
210
210
210
210
210
210
210
210
210
211
212
212
212
213
213
213
213
214
215
215
215
215
215
215
216
216
216
217
217
218
219
219
219
220
220
220
220
220
220
220
220
222
222
223
224
224
224
225
225
225
225
225
225
225
225
225
225
226
229
230
230
230
231
231
231
231
232
232
232
233
233
233
233
234
234
235
235
235
235
235
235
236
236
236
237
238
238
239
239
240
240
240
240
240
240
240
240
240
240
240
240
240
240
242
244
245
245
246
246
247
247
247
247
247
247
248
250
250
250
250
250
250
250
250
250
250
250
250
250
250
250
250
250
250
250
250
250
250
250
250
250
250
251
251
252
254
254
254
255
255
255
255
256
256
256
256
257
259
260
260
260
260
260
260
260
260
260
260
260
260
261
261
262
262
263
263
264
266
267
267
267
267
268
268
268
268
268
268
270
270
270
270
272
272
273
274
275
275
275
275
275
275
275
275
275
275
275
275
275
275
275
275
276
277
278
278
278
279
280
280
280
280
280
280
280
281
282
282
283
283
284
284
285
287
287
288
289
289
290
290
290
290
290
290
290
290
290
290
290
290
290
290
290
290
290
290
290
290
290
291
291
291
292
292
294
294
295
295
295
296
296
296
297
297
298
299
299
299
299
299
300
300
300
300
300
300
300
300
300
300
300
300
300
300
300
300
300
300
300
300
300
300
300
300
300
300
300
300
300
300
300
300
300
300
300
300
300
300
300
300
300
300
300
300
300
300
300
300
300
300
302
302
302
304
304
304
304
305
305
305
305
306
306
308
308
308
310
310
310
310
310
311
311
312
312
312
314
314
314
314
315
315
315
316
318
318
318
320
320
320
320
320
321
321
322
322
322
323
324
325
325
325
325
325
325
325
325
325
327
327
328
328
329
329
330
330
330
330
332
333
334
334
335
335
335
335
336
336
338
338
338
339
340
340
340
340
340
340
340
340
343
343
343
344
344
344
345
345
345
348
350
350
350
350
350
350
350
350
350
350
350
350
350
350
350
350
350
350
350
350
350
350
350
350
350
350
350
350
350
352
353
354
355
355
355
355
358
359
360
360
360
360
360
360
360
360
360
360
361
364
364
364
364
364
365
365
365
366
366
366
366
369
369
369
370
370
370
370
370
371
372
372
374
375
375
375
375
375
375
375
376
376
378
380
380
380
380
380
380
380
382
384
384
385
385
386
390
390
390
390
390
390
390
390
390
390
390
392
392
394
394
395
395
395
395
396
396
396
396
396
397
397
399
400
400
400
400
400
400
400
400
400
400
400
400
400
400
400
400
400
400
400
400
401
401
401
402
402
402
402
405
405
406
406
407
408
408
409
410
410
410
410
410
410
410
410
410
411
412
412
412
412
413
413
415
415
415
416
416
416
418
418
419
420
420
420
420
420
420
421
421
422
422
424
425
425
425
427
427
430
430
430
430
430
430
430
430
430
430
430
430
431
431
432
432
435
435
435
435
435
435
436
437
440
440
440
440
440
440
442
443
443
444
444
444
445
445
447
448
448
448
448
450
450
450
450
450
450
450
450
450
450
450
450
450
450
450
450
451
452
453
453
453
457
458
458
459
460
460
460
460
460
461
461
461
462
464
465
467
467
468
468
470
470
470
470
470
471
472
472
473
475
475
478
478
479
480
480
480
480
480
481
482
482
483
484
486
488
489
489
490
490
490
490
490
491
492
492
493
493
494
494
495
498
500
500
500
500
500
500
500
500
500
500
500
500
500
500
500
500
500
500
500
500
500
500
500
500
500
500
500
500
500
500
500
500
500
500
500
500
500
500
500
500
500
500
500
500
500
500
500
500
500
500
500
500
500
500
500
500
500
500
500
500
500
500
500
500
500
500
500
500
500
500
500
500
500
500
500
500
500
500
500
502
503
504
504
505
506
507
508
509
510
510
512
512
512
513
515
515
515
519
520
520
520
520
520
520
520
524
525
525
526
527
528
529
530
530
533
534
534
535
535
539
540
540
540
541
542
543
544
544
545
546
546
546
546
548
548
548
548
548
548
549
549
550
550
550
550
550
550
550
550
550
552
552
553
554
555
555
556
556
557
560
560
561
562
564
564
566
568
569
570
570
571
571
573
574
574
575
575
575
576
578
579
580
580
580
580
580
580
580
580
584
585
586
587
588
590
590
590
590
590
591
591
592
594
594
595
595
599
600
600
600
600
600
600
600
600
600
600
600
600
600
600
600
601
601
604
604
605
605
606
607
609
609
610
610
614
615
615
617
619
620
620
622
624
625
625
625
628
628
630
630
630
630
632
632
634
635
635
636
640
640
640
640
640
642
643
643
643
645
645
645
645
646
646
647
649
650
650
650
650
650
650
650
651
652
653
653
654
655
656
660
660
660
660
660
661
661
662
664
665
666
666
668
670
674
674
675
676
677
680
680
680
680
680
680
680
680
680
683
685
685
686
687
688
690
690
690
690
690
690
690
690
690
691
692
692
694
695
695
696
697
698
700
700
700
700
700
700
700
700
700
700
700
701
701
701
703
704
705
705
706
708
710
712
713
713
715
715
717
719
720
720
720
720
721
724
725
725
725
727
727
728
728
730
730
734
735
735
737
740
744
750
750
750
750
750
750
750
750
750
750
750
750
750
750
750
750
750
750
752
752
754
755
760
760
761
761
764
765
765
765
770
772
773
779
779
780
781
783
785
788
788
790
790
792
795
795
795
795
795
796
798
799
800
800
800
800
800
800
800
800
800
800
800
800
805
807
808
809
815
815
817
824
825
825
825
825
828
829
829
830
832
833
836
837
839
840
840
841
841
844
846
850
850
850
850
851
854
858
858
858
859
860
864
868
870
870
870
870
870
870
870
870
870
872
872
874
875
877
880
881
882
884
885
887
888
890
891
892
893
894
895
896
896
896
900
900
900
900
900
901
905
905
907
911
912
913
913
914
915
918
919
920
920
920
923
923
924
925
925
927
927
927
930
930
930
930
935
937
939
942
949
950
950
950
954
954
960
961
961
962
965
966
968
969
970
975
976
977
977
980
980
980
986
987
989
990
996
1000
1000
1000
1000
1000
1000
1000
1000
1000
1000
1000
1000
1000
1000
1000
1003
1012
1014
1015
1015
1019
1020
1020
1025
1026
1030
1035
1050
1050
1050
1056
1060
1060
1061
1063
1070
1077
1087
1087
1088
1094
1095
1095
1099
1100
1100
1100
1100
1100
1100
1100
1106
1108
1110
1115
1120
1120
1122
1124
1125
1131
1132
1136
1138
1145
1148
1148
1149
1150
1150
1150
1153
1160
1160
1160
1160
1163
1171
1175
1185
1194
1194
1195
1198
1200
1200
1200
1200
1200
1201
1210
1210
1218
1220
1226
1229
1235
1236
1238
1246
1250
1255
1255
1256
1269
1272
1277
1280
1292
1295
1299
1300
1300
1300
1300
1305
1307
1308
1309
1309
1312
1314
1315
1321
1324
1325
1325
1345
1348
1349
1349
1350
1350
1351
1359
1359
1362
1365
1375
1375
1375
1386
1398
1400
1400
1400
1401
1407
1407
1415
1428
1430
1434
1438
1445
1445
1446
1446
1450
1450
1457
1462
1465
1470
1483
1484
1488
1489
1495
1495
1495
1499
1500
1500
1500
1500
1500
1500
1500
1500
1500
1500
1500
1504
1511
1511
1513
1516
1518
1522
1533
1539
1550
1552
1555
1555
1556
1556
1560
1572
1579
1580
1580
1585
1589
1590
1600
1601
1603
1614
1617
1618
1620
1626
1628
1646
1650
1650
1675
1689
1700
1705
1724
1730
1732
1737
1743
1760
1760
1770
1782
1783
1789
1820
1830
1831
1835
1840
1843
1850
1856
1857
1863
1864
1868
1903
1904
1905
1906
1910
1910
1915
1920
1928
1930
1940
1940
1943
1945
1945
1954
1960
1970
1974
1979
1983
1999
2000
2000
2000
2000
2000
2000
2000
2000
2000
2000
2000
2008
2009
2010
2015
2020
2021
2030
2030
2045
2058
2061
2064
2067
2094
2103
2105
2106
2110
2115
2117
2138
2147
2158
2170
2180
2193
2200
2200
2202
2241
2241
2245
2250
2260
2260
2272
2275
2289
2300
2300
2300
2304
2306
2315
2321
2336
2341
2375
2388
2413
2429
2430
2432
2436
2440
2447
2447
2450
2454
2476
2480
2489
2498
2499
2500
2500
2500
2504
2514
2517
2518
2523
2526
2530
2536
2550
2583
2600
2600
2600
2602
2614
2625
2638
2640
2643
2668
2671
2674
2689
2696
2700
2700
2700
2721
2723
2745
2745
2750
2770
2778
2791
2796
2800
2804
2836
2841
2860
2875
2876
2892
2900
2900
2907
2940
2946
2956
2976
2999
3000
3000
3000
3000
3005
3007
3019
3025
3035
3055
3080
3080
3120
3120
3136
3141
3177
3200
3206
3213
3216
3221
3260
3263
3300
3333
3333
3335
3350
3360
3390
3402
3465
3486
3487
3500
3500
3500
3511
3516
3609
3610
3641
3657
3704
3733
3782
3800
3800
3807
3838
3843
3850
3850
3864
3872
3900
3900
3907
3908
3997
4000
4000
4019
4031
4033
4033
4050
4071
4159
4190
4287
4294
4390
4400
4400
4406
4422
4435
4452
4469
4500
4543
4553
4599
4646
4650
4680
4705
4721
4738
4785
4786
4800
4806
4835
4850
4897
4900
4920
4928
4985
5000
5000
5000
5017
5076
5080
5130
5166
5190
5197
5219
5295
5321
5359
5422
5500
5500
5565
5630
5684
5688
5705
5791
5805
5819
5850
5850
5927
5962
6011
6029
6135
6137
6143
6464
6465
6532
6571
6611
6625
6652
6686
6716
6846
6871
6925
6983
7000
7010
7180
7349
7550
7570
7580
7716
7737
7855
7965
8000
8120
8180
8243
8474
8566
8582
8710
8766
8900
9132
9150
9210
9435
9464
9481
9632
9770
9915
10399
10845
11322
11480
11551
11683
11686
11892
12256
12823
13368
13655
13851
13958
15000
15084
15782
15787
18220
19174
19371
20883
23200
24354
26206
28000
