63582908
63604116
63627100
63737353
63827462
63891364
64083470
64109972
64192863
64318779
64350068
64420450
64452000
64660204
64787567
64810540
64925649
65281207
65531095
65669142
65835368
66138738
66289212
66337456
66406936
66417581
66505581
66523662
66631161
66708665
66735814
66835705
67504640
67617765
67759064
68042052
68165481
68273980
68318304
68461263
69266126
69343493
69415391
69515975
69531034
69561107
69580246
69873045
69892303
70549038
70652589
70710135
71247172
71333318
71443640
71450806
71592907
71702841
71730931
72112291
72207814
72364086
72371364
72535472
72633962
72689298
73406868
73532107
73595229
73642817
74466261
74627354
74700129
75277941
75345406
75644808
75655035
75850558
76160327
76333632
76437524
76863670
76904718
76941975
77409668
77516020
78251378
78523601
79191812
79358351
79602869
80007031
80475502
80760829
80874600
81333358
81924505
82045970
82060807
82145209
82205277
82467540
82612049
82690723
82757106
83224186
83322865
83368481
83485907
83487229
83561408
83638083
83911557
84054305
84086623
84136527
84279771
84590156
85029152
85115229
85135555
85261052
85542447
86518779
87147651
87221269
87295084
87498716
87537814
87612245
87681393
87861728
87934654
88218719
88686120
88695581
89179652
89665429
89804437
90123239
90167407
90786961
91000589
91219111
91937893
92000758
92232719
92271813
92750341
92841646
93227040
93889133
94088293
94173623
94537145
94562389
95018172
95080776
96368570
97115572
97292880
97323567
97763414
98284285
99424210
99440686
99814091
100309118
101082155
101764029
101845791
101872296
101955370
102062250
102103787
102642023
103014094
103101328
103251653
103317488
103410138
103930292
104000061
104055651
104787271
104924867
105134787
105460346
105674974
106232637
106470196
107093624
107448973
107459828
107529481
107744320
107790846
108095951
108542567
109110404
110030263
110170326
110672632
110696318
110752173
111027801
111032264
111556913
112191750
112313445
112514938
112555368
113108219
113324026
113970799
114434586
114831641
115574191
115762328
116601706
117057763
118099578
118294277
118420387
118560460
118785910
119295647
119579357
120092808
121145562
122335730
123015407
123538952
124510197
124815964
125070230
125437746
125437874
125660829
125997819
126072502
126910545
127051976
127433429
127921418
128359335
128377626
128576407
129284980
129359853
129452471
130000283
131417163
131434409
132208275
133095022
134453055
135636807
135682802
136450796
136799370
136993464
137854930
138690336
139445933
139751708
141458337
141511227
141620983
142376950
142512764
143229869
143813875
145565045
145952986
146419716
147336681
147645680
148108489
148718818
148870051
151423321
151586987
151970298
153473239
153564468
153580359
153729255
153908392
154028909
155215752
155962747
157780964
157807645
158206408
158419898
158986234
159610444
161249871
161572001
163405446
163630549
164455879
164548931
164867127
166159315
167532633
167554633
168098314
168261340
168650000
168662108
171933473
174604129
177327981
177714416
178593935
178766463
179373798
179747853
180931247
181097442
182296875
182822605
183082060
184060388
184794193
184874842
185786464
186221719
187492807
189768782
190182192
190299338
190305375
190362675
190553530
190872512
191109222
191663350
191913949
196166801
196937762
197763790
198465090
198809741
200202069
201319661
201370007
203130619
203539859
212232936
213430406
217706012
219638593
221176169
222066890
228632045
229335316
230387172
234039236
234541031
234725164
234762831
235055306
235808327
235827401
239720303
240128088
241222289
242230263
244374139
246792234
249081000
252585167
252891071
255597429
267602064
268598337
269123528
270080419
270438399
276400264
276650201
277111593
279134567
281446281
283150831
284164257
288109729
292618985
293764020
294013962
304917784
309037647
310940502
315985062
318321108
318394488
320727061
324501086
325598126
334879811
334967001
342419638
343074770
348463623
348664608
349210638
350510363
351917194
352871496
355029172
359019264
364584283
365258614
367820946
372479552
372972280
386227089
387775944
390548194
397729758
401547314
402450231
403468446
404287275
406281443
409727689
420192587
422609530
439033028
449389507
451109403
453447491
453851842
459047994
460833747
467949455
493417885
499978437
502712860
508337210
518743183
526646990
534842449
541561244
546398966
555444865
562414259
578814400
601528025
611442823
614713761
636345459
640094513
650895909
661042447
682570250
716994199
718414804
744731642
816718464
833290078
906635595
968782038
980458581
1067141342
1116999999
1125508434
1185416580
1218993109
1345054341
1489649139
1616169797
1827115895
1832112754
1890336892
2146938617
2404084375
2688686138
2848736197
2966839536
3279366618
3348031394
4445190178
10446591755
