1408.5
794.9
1045.5
915.0
1270.0
1098.1
1058.9
1165.9
884.8
897.8
1193.2
1242.6
944.6
765.8
1247.6
844.1
1077.0
839.9
867.6
1206.7
894.5
1002.0
1156.9
787.8
1045.0
855.2
1040.3
1089.4
979.5
1113.6
996.7
879.3
1098.7
1232.7
809.1
769.8
1834.0
1012.2
966.7
1231.5
1412.4
970.0
1079.7
1022.2
917.1
990.2
2724.8
1194.2
1023.9
1026.5
990.3
1197.6
773.5
1354.6
1144.6
1127.3
1008.8
991.0
912.0
904.1
1126.1
1450.3
1056.5
1198.8
758.6
1712.7
2084.4
834.4
1034.6
903.3
707.8
1101.0
941.9
996.4
617.5
810.5
1151.9
676.2
864.0
996.5
1033.6
794.7
668.4
780.0
1232.4
701.0
1192.5
986.4
660.1
1022.2
1403.4
 
