336
59
72
89
74
102
76
310
144
451
158
88
188
428
222
403
375
160
198
188
129
76
99
285
118
272
148
62
559
126
143
95
969
233
133
107
222
520
390
339
165
234
698
388
281
299
162
171
159
103
184
122
25
975
67
128
12
179
101
244
335
141
289
128
80
262
125
108
91
53
133
1396
86
58
167
2243
583
156
92
804
304
290
91
398
357
22
67
160
553
197
110
156
89
132
6
116
28
643
358
76
396
108
136
154
213
136
27
194
186
85
64
88
315
103
125
69
436
311
324
456
122
479
66
27
127
145
1018
111
260
186
41
212
586
79
73
85
121
306
146
158
82
28
60
128
95
99
115
52
132
388
52
179
259
99
64
90
117
29
209
123
520
115
129
192
414
130
79
157
49
67
143
80
68
114
144
89
50
291
65
156
126
570
580
148
819
105
185
36
56
168
50
61
31
805
121
44
163
821
48
135
222
345
193
109
89
148
62
216
76
578
463
381
122
354
78
159
974
68
1271
307
285
82
36
438
80
124
102
48
204
52
393
76
551
65
87
172
170
302
67
318
43
120
76
45
55
23
1100
170
187
185
778
376
43
32
440
295
76
64
164
228
705
53
95
219
41
104
81
112
895
217
66
22
254
690
138
46
41
376
93
27
135
128
97
125
81
322
86
154
44
124
159
514
116
89
102
127
455
182
99
177
59
472
122
243
171
66
212
505
49
423
67
156
480
93
99
237
162
344
37
211
56
15
50
36
81
149
658
34
36
11
45
45
138
266
16
85
169
57
290
119
100
60
173
223
188
210
330
93
152
137
1520
85
129
49
53
88
149
48
150
145
114
240
551
80
146
215
110
226
187
481
197
193
139
332
161
446
371
236
597
139
122
58
435
77
160
413
1154
148
37
247
231
156
319
96
230
346
1634
488
1771
362
44
575
52
107
149
96
102
22
62
115
48
108
245
67
394
138
110
510
618
215
141
128
77
322
263
160
61
319
128
101
284
391
367
95
183
97
22
242
447
119
51
25
233
97
236
1018
255
229
78
165
48
79
36
223
191
154
125
391
536
84
272
54
168
750
214
260
91
465
106
280
563
72
137
146
132
109
136
137
152
76
369
70
264
80
191
156
129
839
124
9
33
146
99
58
480
155
33
544
77
217
32
379
51
101
42
256
359
33
100
398
201
216
151
66
703
316
224
104
52
280
114
300
205
52
102
220
183
362
136
116
332
66
927
1593
116
458
89
192
70
93
73
98
224
52
244
276
45
271
285
196
1017
670
241
79
164
185
115
103
545
68
86
37
154
180
15
126
299
478
44
63
327
119
108
190
96
98
38
158
295
408
154
84
54
324
164
210
120
22
199
71
147
36
48
121
194
415
117
120
53
113
35
258
109
121
81
57
41
209
72
190
173
268
214
268
122
470
423
93
30
62
75
547
105
248
204
347
181
39
86
337
169
500
186
191
196
50
42
179
226
79
1279
316
295
312
466
96
116
48
118
450
356
211
60
83
118
398
71
70
33
198
559
178
108
162
74
158
1067
603
12
62
85
187
284
65
326
83
72
550
146
967
150
156
1291
921
174
370
419
139
24
569
121
128
122
62
111
402
302
213
489
250
297
238
139
25
120
31
132
270
98
147
213
81
142
204
206
95
66
290
230
296
118
203
274
28
177
173
109
1520
121
339
233
248
85
124
29
437
192
140
1238
158
282
690
542
21
56
580
17
102
699
87
331
162
61
221
248
232
51
101
111
131
69
171
144
285
149
40
356
140
27
778
58
512
79
260
416
153
364
230
186
36
23
12
113
279
180
245
599
82
139
111
95
34
233
69
193
332
248
86
334
199
268
295
35
259
261
1039
60
342
58
31
107
508
156
218
67
93
389
573
255
254
85
260
117
214
1077
159
208
407
535
223
873
127
107
166
59
268
548
957
33
22
100
62
46
61
637
141
249
31
133
441
18
336
120
213
23
277
123
134
478
124
132
116
70
67
101
714
91
19
230
222
193
146
60
142
120
1267
51
45
272
91
358
297
440
551
349
541
145
52
738
126
271
76
65
47
79
137
83
190
72
26
263
249
35
54
171
140
1453
134
237
103
101
104
73
42
103
103
87
451
177
895
176
153
580
174
214
194
214
169
165
216
282
35
158
283
347
78
83
490
64
108
193
127
41
31
139
131
258
489
95
40
88
74
166
207
16
241
245
78
101
344
79
44
22
362
405
552
70
314
137
326
277
52
182
235
798
194
242
350
142
802
531
41
217
293
206
48
44
68
133
246
185
176
185
392
58
425
56
70
55
90
82
37
93
259
111
56
61
55
104
232
87
180
1183
36
66
92
484
272
54
1118
185
73
95
25
105
84
149
74
262
128
95
104
325
79
33
424
388
297
58
219
162
113
157
27
215
44
444
1944
72
68
290
185
170
437
162
327
94
265
62
184
205
142
463
64
82
165
134
606
291
499
321
64
15
87
610
210
91
787
116
165
657
164
152
547
27
642
112
78
154
60
124
120
74
56
32
36
1108
339
74
616
88
177
112
73
76
81
30
125
158
175
55
67
123
52
38
20
98
115
231
208
397
37
63
140
82
115
1173
278
515
279
82
31
202
417
272
239
30
332
154
79
128
226
49
193
32
122
54
396
22
117
114
395
117
112
86
80
179
68
540
363
132
115
36
18
350
339
389
44
730
264
93
70
215
244
92
242
263
44
357
96
50
329
237
392
354
332
150
287
38
42
242
628
85
330
86
106
260
113
144
217
609
100
215
14
423
52
460
88
50
118
119
99
78
77
143
73
156
696
178
111
132
161
56
820
717
89
134
51
337
297
326
273
256
98
124
86
101
380
339
211
58
63
29
91
234
178
252
49
39
81
278
386
412
133
139
88
124
213
136
148
134
247
380
41
572
543
143
218
500
413
130
72
138
385
186
216
27
829
94
69
68
346
116
51
129
241
344
333
144
24
112
207
62
95
382
67
160
64
233
20
227
155
175
1229
99
34
311
232
91
76
43
34
122
328
230
190
64
129
73
19
288
127
284
444
372
324
360
425
109
470
293
151
89
50
482
669
278
118
283
50
71
434
226
60
823
167
93
35
452
246
77
39
126
45
226
343
150
48
157
28
49
119
37
74
80
177
82
157
266
59
208
58
232
115
97
616
322
239
224
171
386
27
171
41
126
55
55
95
90
367
319
34
89
48
53
244
425
128
786
115
125
44
32
260
911
231
139
177
529
82
172
558
122
232
27
485
50
70
66
189
473
230
372
156
38
112
44
202
104
94
156
215
395
215
82
147
101
37
77
55
170
99
253
60
513
77
376
318
137
40
126
222
38
73
460
110
196
323
817
278
105
52
271
210
116
198
66
97
117
471
58
121
389
74
649
185
247
91
369
54
606
186
277
43
508
649
335
36
1598
187
49
90
217
195
46
199
23
144
1206
1014
519
94
128
43
325
50
115
168
865
358
253
406
235
244
101
215
102
144
30
91
346
105
363
488
109
183
130
23
40
91
115
271
64
62
70
116
101
1231
59
238
216
722
70
118
56
162
76
110
376
176
55
107
32
79
439
74
489
138
207
282
125
124
321
453
115
1250
418
49
53
196
29
274
111
246
138
369
177
497
18
479
96
159
417
86
173
442
129
76
225
89
91
439
259
226
147
267
378
77
190
658
38
138
264
931
164
26
61
59
328
100
641
125
169
83
65
178
204
216
54
182
107
498
185
275
179
14
81
35
98
74
83
349
24
76
44
26
341
218
152
46
374
55
182
176
123
677
680
126
175
208
90
121
72
460
138
135
51
324
311
90
95
52
220
33
106
199
325
292
58
50
25
25
56
211
89
67
115
50
147
210
57
53
395
146
45
113
145
134
245
261
279
267
134
184
25
280
78
262
86
139
159
142
113
446
125
263
718
280
267
519
129
1347
147
62
169
416
44
56
885
94
42
694
19
276
180
182
366
1000
219
61
273
500
39
90
254
82
107
302
313
179
77
184
28
34
415
21
149
85
194
148
141
90
49
290
278
222
463
107
248
23
137
84
39
146
1011
157
489
231
115
116
173
39
65
40
74
71
167
422
161
580
73
63
420
256
231
2793
47
443
98
137
141
201
449
66
55
164
156
561
21
122
61
287
676
126
556
67
170
53
38
191
244
40
231
167
131
450
154
785
115
41
75
373
614
44
90
282
232
457
106
434
70
26
136
208
88
189
222
475
148
1162
142
168
99
552
107
335
117
116
425
54
43
246
59
105
217
63
436
72
98
50
261
52
619
99
339
136
99
137
531
142
94
1398
2601
121
160
306
101
300
333
380
329
65
117
431
62
254
410
122
324
144
81
46
221
240
205
201
148
272
39
209
86
587
205
225
109
46
125
448
148
252
70
612
150
266
65
303
148
62
194
135
121
1034
164
480
285
54
168
74
128
337
224
218
45
289
244
346
79
25
83
478
169
139
333
235
1688
69
396
52
83
39
694
183
333
382
91
482
82
348
55
38
1536
99
883
106
183
165
181
141
256
206
291
284
674
315
59
183
120
280
73
93
152
619
245
61
68
288
283
234
100
67
71
451
183
383
71
118
682
112
150
227
