2.6
3.4
6.9
3.6
2.4
4.8
0.8
6.6
7.6
4.7
5.4
2.8
3.6
5.7
3.2
5.4
4.6
5.4
1.4
3.7
4.5
2.5
4.8
3.6
6.8
6.4
6.9
7.7
4.5
21.7
5.2
3.1
4.1
3.0
6.5
15.5
2.6
2.3
9.5
4.9
18.7
4.7
2.3
3.0
6.2
5.1
3.2
4.5
1.4
15.0
5.2
3.8
1.0
8.2
1.6
11.2
11.1
7.7
2.6
1.5
26.8
25.8
2.9
3.8
5.7
3.9
3.9
3.7
3.7
3.1
4.4
5.6
1.4
2.2
9.8
8.7
1.3
8.2
4.2
4.2
21.9
2.5
2.9
4.5
6.6
3.3
3.2
1.6
2.0
3.8
3.3
18.7
4.6
5.2
7.0
4.5
5.2
7.6
9.0
5.8
5.1
5.1
13.4
7.2
14.4
2.8
4.6
11.0
3.2
3.6
5.4
9.2
13.9
15.2
5.4
2.0
7.2
14.7
7.0
2.9
6.4
6.1
7.0
5.9
7.9
12.2
2.4
1.9
2.8
5.6
1.2
3.8
2.7
4.2
3.3
4.4
5.0
6.8
4.5
3.1
3.3
13.9
5.2
2.8
3.6
4.7
2.5
5.5
7.8
6.4
7.3
17.1
5.2
5.5
3.7
5.5
4.6
5.4
2.4
1.9
2.4
4.2
0.9
6.3
23.3
4.9
1.4
2.0
9.0
7.1
4.8
5.9
2.9
3.0
1.9
5.0
3.8
14.5
6.9
2.5
0.4
5.2
7.6
7.9
2.4
6.0
14.9
3.3
9.3
6.8
0.9
5.7
6.9
2.4
7.4
2.3
6.2
5.8
4.5
6.5
4.1
3.5
28.2
7.0
5.7
6.4
5.7
3.3
5.5
8.1
6.0
4.4
5.4
7.0
6.5
8.2
6.1
8.8
2.9
4.0
3.6
5.4
23.4
5.1
6.4
3.9
2.3
8.3
5.1
7.4
4.1
3.2
7.3
18.8
4.5
11.2
2.6
1.4
4.4
4.6
1.8
5.1
7.4
3.9
3.5
25.2
4.1
2.9
3.8
9.5
20.0
8.5
1.8
5.3
10.3
29.1
7.4
7.2
12.0
8.3
35.1
2.8
3.3
14.7
2.4
8.7
10.2
16.2
21.0
1.9
7.8
5.3
10.2
4.5
3.6
2.8
3.1
4.5
3.8
4.8
3.1
16.0
2.3
3.4
4.9
4.4
4.9
3.1
2.5
8.1
6.3
7.2
1.2
11.2
3.5
1.9
3.8
18.2
10.0
9.1
3.1
4.6
20.1
5.1
2.7
3.3
1.8
2.9
8.5
6.1
0.9
4.1
2.6
4.9
2.2
5.3
8.3
2.7
2.7
3.9
4.3
5.5
5.7
2.7
8.3
3.4
4.1
4.8
4.0
3.6
7.4
3.6
5.3
3.0
3.5
6.8
5.4
2.7
20.1
9.3
4.5
16.5
5.3
2.4
3.8
7.1
2.9
3.8
9.8
3.8
9.7
2.6
2.1
1.5
2.1
4.3
12.0
6.6
4.9
6.2
15.0
6.3
5.2
5.3
21.6
9.8
1.4
3.6
5.1
2.3
28.1
6.2
5.9
3.2
4.1
4.8
4.3
4.2
0.8
1.5
4.4
3.8
2.3
7.1
3.6
2.2
5.6
1.5
4.0
4.8
5.1
4.5
3.8
4.1
9.2
5.1
3.4
1.3
4.0
4.9
5.5
6.4
11.5
2.0
7.4
3.7
6.7
6.9
10.5
0.5
5.6
5.3
2.6
5.6
7.3
6.7
7.7
3.6
6.0
1.9
6.3
16.9
3.4
5.7
2.4
9.3
7.2
9.3
7.3
6.8
3.1
4.8
9.1
10.4
5.1
3.1
4.2
3.7
1.4
9.9
6.2
3.2
3.5
6.4
4.6
6.5
6.8
0.7
3.4
3.3
4.3
6.0
2.9
4.4
12.1
2.6
4.0
8.5
3.0
7.4
4.1
6.0
5.0
5.7
6.5
6.9
3.3
4.5
3.5
9.4
3.8
10.8
11.1
7.2
3.5
5.2
15.0
3.5
7.2
10.2
8.2
4.9
27.2
5.7
5.7
5.8
11.7
3.4
2.5
20.5
5.2
6.8
5.2
2.7
3.6
7.0
6.2
25.1
11.4
7.4
6.0
2.3
4.1
6.3
1.8
8.2
4.8
4.1
0.7
8.0
11.7
3.3
11.1
2.8
3.4
1.8
7.4
3.2
2.1
8.3
4.2
2.9
2.6
3.4
1.9
7.6
3.9
7.5
5.6
1.0
4.7
2.9
3.4
5.4
2.9
6.7
3.2
6.2
4.1
3.3
5.5
9.1
11.4
2.4
2.4
6.9
3.5
0.5
2.5
4.0
1.8
4.4
6.4
1.1
2.5
7.7
23.0
5.3
1.7
3.9
7.7
9.2
3.5
11.1
4.3
7.2
4.1
4.8
6.0
3.5
4.4
5.9
8.6
6.0
1.2
7.3
2.9
3.2
2.9
20.1
2.7
18.1
5.8
3.2
4.2
3.8
8.3
8.5
2.4
4.3
4.7
4.3
3.6
4.6
3.4
4.2
3.3
14.7
4.2
4.6
7.7
17.9
8.2
5.6
4.9
3.8
12.7
9.1
3.2
3.3
9.2
8.4
1.5
9.1
6.0
2.3
4.3
5.0
2.8
2.9
1.9
3.9
8.9
8.1
4.2
1.8
4.9
1.5
7.6
3.9
1.2
4.8
3.5
4.3
5.3
3.8
5.9
1.4
2.8
1.4
3.8
3.9
3.3
2.9
 
