2135
957
1530
1059
3951
918
4367
4345
754
3902
1993
1312
2780
1649
2983
45324
5331
3994
1616
3240
2055
304
2294
1899
1217
679
490
1109
7910
1837
1176
454
3254
759
871
1788
5495
1286
257
177
470
255
591
1313
415
6313
7619
555
2402
369
1311
280
387
1327
536
6107
1597
1713
493
1349
970
963
450
458
659
956
762
506
3789
1366
361
349
520
784
538
522
3095
1110
1499
2087
736
442
5434
813
3285
1575
1593
753
735
380
487
492
574
339
852
598
481
3613
868
1343
2212
528
894
729
1142
664
1100
882
753
521
543
532
502
24694
4807
2112
6323
1031
1495
1299
2089
469
4245
917
1560
2439
2115
1089
1377
485
940
543
576
385
418
524
47074
2655
1677
781
2610
463
253
344
1122
1470
393
539
534
414
570
1537
474
382
1918
2881
1579
5742
1053
731
256
280
329
387
401
311
782
567
597
473
1386
1890
1058
2656
389
623
1559
533
411
803
235
702
245
646
501
419
552
4270
1398
753
885
1441
839
411
1048
607
486
325
7700
938
552
2173
600
1437
255
612
564
390
989
296
6856
1150
769
1544
761
311
543
452
700
491
356
422
665
1039
2771
2711
503
922
1239
1741
321
672
661
579
1242
4758
2182
1579
1524
2073
659
945
1560
5779
1455
1494
3070
427
502
813
1061
593
484
736
3430
428
173
323
408
287
236
431
202
199
477
518
252
5292
942
4777
462
214
414
280
1175
302
528
1582
480
3948
2227
1682
604
1788
