27
15
20
15
52
15
62
54
12
50
29
14
40
27
43
671
78
54
28
55
36
6
39
27
19
9
10
21
138
32
19
10
62
14
18
33
92
22
6
4
11
6
13
25
9
108
119
10
42
8
25
6
8
27
11
108
33
30
12
29
18
19
12
9
15
19
15
12
62
26
8
8
11
18
13
12
52
22
28
42
16
11
54
18
60
30
32
16
15
9
13
11
14
7
16
11
11
67
20
28
48
12
15
14
21
14
19
15
13
11
14
12
10
247
75
38
102
21
26
24
35
11
74
19
33
43
37
20
27
9
14
10
10
9
10
11
446
47
28
15
47
9
5
7
22
28
8
12
12
10
11
30
10
9
34
50
28
106
21
13
5
6
5
6
8
7
17
12
11
10
25
35
17
45
8
13
33
9
10
16
5
11
6
11
11
10
14
73
28
16
19
27
20
9
17
12
11
7
118
17
11
38
9
25
5
11
13
8
19
7
118
20
16
28
15
9
12
9
13
11
7
9
13
18
47
46
10
17
27
33
6
15
13
12
22
85
43
32
28
37
14
18
27
93
28
26
60
8
10
13
18
9
9
13
53
8
4
7
7
6
4
8
4
4
8
9
5
74
15
72
8
4
8
6
18
7
10
26
9
64
35
27
9
31
