1
1
1
1
1
1
1
1
1
1
1
1
1
1
1
1
1
1
1
1
1
1
1
2
2
2
2
2
2
2
2
2
2
2
2
2
2
2
2
2
2
2
2
2
2
2
2
2
2
2
2
2
2
2
2
2
2
2
2
2
2
2
2
2
2
2
2
3
3
3
3
3
3
3
3
3
3
3
3
3
3
3
3
3
3
3
3
3
3
3
3
3
3
3
3
4
4
4
4
4
4
4
4
4
4
4
4
4
4
4
4
4
4
4
4
4
4
4
5
5
5
5
5
5
5
5
5
5
5
5
5
5
5
5
5
5
5
5
5
5
5
6
6
6
6
6
6
6
6
6
6
6
6
6
7
7
7
7
7
7
7
7
7
7
7
7
7
7
7
8
8
8
8
8
8
8
8
8
8
8
8
8
8
8
9
9
9
9
9
10
10
10
10
10
10
10
10
10
10
10
10
10
10
10
10
11
11
11
11
11
11
11
11
11
11
11
11
11
11
12
12
12
12
12
12
13
13
13
13
13
13
13
13
14
14
14
14
14
14
14
14
14
15
15
15
15
15
15
15
15
15
15
16
16
16
16
16
16
16
17
17
17
17
17
17
17
17
18
18
18
19
19
19
19
19
19
19
19
19
19
19
20
21
21
21
21
22
22
22
22
22
22
22
22
23
23
23
24
24
24
24
24
25
25
25
25
26
26
26
26
26
26
26
26
27
27
27
27
28
29
30
30
30
31
31
32
32
32
32
32
33
33
33
34
34
34
34
34
36
36
37
37
37
37
38
38
38
38
39
39
39
40
40
41
42
42
43
43
44
44
45
45
46
47
47
47
47
48
48
48
48
49
50
50
51
52
52
54
54
55
56
58
59
60
60
61
63
63
63
64
64
64
64
65
65
65
65
65
66
66
66
67
68
68
68
69
69
70
70
73
73
73
73
73
75
77
77
77
77
77
78
78
79
83
85
85
85
86
86
86
86
87
87
88
88
89
89
89
91
91
92
93
95
95
96
98
99
99
100
100
101
101
101
103
103
105
107
111
111
113
115
116
116
118
119
119
120
123
124
124
126
127
127
128
129
130
130
131
133
133
133
135
135
136
138
139
139
141
142
145
146
150
155
156
158
159
159
161
162
164
165
165
167
168
169
175
175
176
177
178
181
182
183
188
189
190
192
197
198
198
198
201
202
202
207
208
208
209
211
213
217
218
219
221
222
226
227
227
230
231
233
237
239
241
243
244
253
253
255
256
258
266
268
273
276
277
278
278
278
281
285
288
290
291
299
299
301
301
302
303
312
315
321
323
325
330
344
348
353
361
364
366
372
373
374
374
399
402
407
410
422
422
429
436
446
451
459
465
467
470
476
476
477
480
482
490
493
494
496
505
506
517
538
540
548
560
563
567
568
571
572
573
575
582
592
596
599
608
611
616
620
622
622
624
646
659
682
683
698
704
706
709
714
722
738
739
756
764
775
785
790
791
794
794
801
811
814
834
857
859
869
869
870
892
904
917
939
939
942
943
947
955
962
965
968
997
1020
1079
1088
1095
1101
1110
1113
1117
1126
1136
1151
1157
1170
1172
1183
1189
1206
1275
1296
1372
1416
1434
1444
1445
1458
1475
1505
1507
1537
1549
1619
1645
1695
1786
1822
1882
1898
1903
1904
1985
2024
2135
2164
2207
2220
2322
2343
2414
2415
2546
2582
2623
2675
2689
2732
2794
2844
2862
2890
2936
3015
3266
3300
3305
3457
3524
3582
3609
3705
3734
3765
4017
4150
4246
4293
4306
4339
4422
4444
4464
4500
4594
4614
4689
4733
4857
4942
4993
5067
5925
6032
6283
6378
6391
6638
6657
6922
7171
7660
7831
8575
9162
10235
10238
10588
10942
11342
12231
12629
14216
14219
14630
15994
20479
22763
30057
31458
32278
34752
35033
38965
75652
187486
473510
