2836
2035
6030
4704
5183
2157
7072
5246
951
6067
3264
1899
5931
3877
4968
59877
7027
6529
2208
3976
4438
960
7990
2719
2389
1462
1751
2259
13205
3281
7082
952
6389
1830
1833
2914
6772
2628
655
637
1387
742
1307
2165
1136
10879
12112
1370
3863
831
2409
767
790
2546
1254
9343
2653
2834
1134
2903
1652
1470
1220
790
1626
1983
1768
1169
6850
3053
807
765
1457
1733
2042
1060
5302
2010
5717
3773
1696
1743
6050
1309
4954
2553
4006
1515
1321
894
1343
1222
1306
779
1508
1026
2027
6317
2216
3073
4055
1277
1670
1276
3252
1380
4117
1610
1413
1232
1622
1276
1201
17949
6382
3096
9371
2872
2540
2355
3475
1726
7533
2784
4014
10691
6087
2412
2489
880
3690
1828
2092
1438
1135
1736
38945
4660
3307
3397
4623
1190
538
725
2025
3065
895
1162
1243
1119
1178
2955
1224
784
3376
4798
2742
7710
2066
1101
658
521
637
813
762
731
1887
1324
1007
971
2269
3335
1592
4041
818
1192
2681
977
869
2266
513
1366
433
935
1392
1011
1444
6635
2291
1509
4868
2557
1719
950
1606
1347
1102
688
11126
1645
1408
3635
1064
2898
692
913
1334
723
1197
605
10702
1988
1460
2441
1238
844
2098
1113
1841
1416
826
2100
1500
2223
5137
4852
1220
1630
2461
2395
694
1008
1447
1150
2459
8760
4146
3298
2903
3882
1989
2616
2414
9828
2067
6928
6502
3832
970
2486
2881
2399
1491
3647
4677
727
347
903
706
1063
704
2246
623
422
1321
1313
687
10827
1911
7624
690
888
9052
359
1544
430
551
3703
689
6583
4033
2898
594
2366
