242104077
5416418842
167616996
186075961
143225590
533368826
325084836
337602904
180530333
117026336
132669412
222472212
375739546
288904932
110718852
356113686
102724086
230494695
199586172
101840962
322395941
439630992
243291448
117291420
153493538
200259922
156571141
289887028
244841678
177128287
115956571
226558422
255008300
203156019
435257229
423288657
999965834
233490054
187567250
211055090
93825008
260930083
274995661
127657092
21219171
226082864
202912268
97561973
420885002
136893986
322705724
94270843
161614304
200406686
99320559
212584221
179379757
108791133
90540561
397174982
141830483
165508600
136934989
111529012
116312407
491395491
86264551
144914743
280194521
177217617
832673192
401112086
235458805
1258758962
413417505
362329130
498917198
240976682
793224182
468680785
168459854
601489083
354664815
139955394
958572866
1053824737
334710298
607356494
534900714
408922105
337153316
24970524
587331510
108161992
125446220
521276665
450283080
82080848
133875808
154088873
124684409
152614664
238510665
157848114
296848559
196837180
156981057
339382354
56746213
402516487
159588786
207567866
460563464
380472604
312811486
145532438
57066400
181496736
70954683
282957965
228005280
191435439
128811484
164770234
358326311
115879920
68108045
128216727
133483188
170859822
101640968
277244832
65071594
174438794
304124492
80870751
123705278
121478586
195571098
83843292
259079443
186374663
1273429889
212343417
169271271
208830522
284522815
406088113
178604981
93750109
87226350
263172260
124048210
65258162
87425712
528707250
124651991
162720596
116500566
179723548
173839003
53375772
75877153
143037404
106573048
89117760
321134780
88930053
323759558
243987441
115529936
398685101
435052159
80011075
36034332
234177343
90984404
348144959
66753786
117361121
79608877
163518375
192217566
1479111871
123163916
172331387
257228539
220891205
252485131
31710849
478827354
154415880
84555708
87072784
126039499
29656519
391185321
8413477
192689282
192823998
116901322
75370439
79828196
33090389
166778198
102889989
132185927
310469000
918625170
146682452
62669488
353756453
419376596
358817749
286243776
19915825
164102611
125332549
137114747
180367561
777327021
97366532
139152265
110091365
122683886
306156077
106856729
89685653
110035596
644081313
108089123
85216111
124680063
85894567
69318560
53111153
219185161
102664760
134557296
100804957
43233996
101354803
288248432
112210619
122265815
997957553
225470227
382839864
222089170
207190946
215100022
444665753
110704008
335722107
254094174
162842931
178431596
532520727
252148386
145213239
219545722
141877835
283606563
137211259
234371753
162775977
221298668
72031589
238827599
68900353
146919789
224543249
358173131
163129397
250135226
398841068
152728796
2898954255
86833010
244008410
129852249
141913622
304283968
69481642
142302528
126241480
168957388
144784364
91446993
87387997
95618491
175913732
94864412
353922411
261401047
80690741
169734869
72025328
76928362
23499458
79257260
89334488
95610120
588238237
187403430
427931054
214813572
839719933
197178653
313325867
303010813
133688647
114196783
35771121
67440470
64321019
36521513
115413576
132552941
1908660704
330701775
286856108
90054157
225525069
156328032
169012627
211751242
138388001
191414892
129490140
113666903
105223660
190483972
172531887
214403686
63951090
112473646
41595133
947067033
170662130
65370551
246665023
182348984
59116030
90311937
523890027
158991228
231878270
142704753
759483491
187644300
99727007
96818690
269441884
105878460
102670542
63309790
315079986
88307756
93264992
30056216
61241423
37941027
42647832
173651697
75622597
177955992
178815930
45668707
75222253
53370210
92456075
56152076
150197699
51368488
740880847
72021550
133726687
36105776
137352409
32453439
43334638
45634007
37582203
47186894
203944744
55173241
41975762
71961220
27631457
41942043
62694021
144856300
45856195
56223193
25034720
309775750
99221554
107120634
93161107
118500990
297554942
52326583
75302147
166680154
177797811
365159313
102828161
1843741709
269690099
209131463
562351504
169296387
147858783
187041801
214346835
158892051
263387246
147285084
83891670
43229037
42428749
41583684
44999430
50813898
128277776
210048118
187144189
92561891
92031788
30655623
58471408
49885908
121225231
51644458
98075058
91817645
82203058
109955531
66886445
31615064
131394145
516559435
63583840
95189202
24331324
28031134
80628633
58142170
29705313
61343981
32257569
32749369
35814987
30532383
158605965
33469070
39551354
61461684
71602160
163874228
27084571
38266187
86272513
435515855
218278420
704876990
95608029
97990738
932322289
148201959
163136325
164693561
77174147
106444890
472193825
205053598
236599569
81944625
113743777
328300862
119141837
154821540
114172758
340267934
253925091
174947865
141249405
164102049
135634100
123193852
322477561
135039129
190729437
138535933
345041745
118895796
73980063
1096964
105417088
97553430
247367728
169546099
344717761
78622767
353164219
39734450
245884365
36730193
117282505
12039686
61154921
121697058
23165142
16392719
40545607
70030055
35879240
41331667
21513502
101962239
28562094
47789105
36625520
177995077
47291992
21242211
25006951
26993064
76534652
50354775
12109329
13597926
36659386
43081912
64550048
44503384
58649794
22862691
27402998
96699097
48734829
47383912
52929466
25818109
33954583
40294559
31858080
112527086
88081675
20597057
70599313
76153073
26843271
153687435
119475094
39888308
67101755
44607654
42234138
29341689
113688684
40449140
92453295
44438592
25155313
232327041
75983440
162141901
85983838
97347773
67868092
120459849
1227873808
40267782
128994824
86048377
292501143
73030853
186706676
103802772
261823821
40950249
113320702
25633880
106850530
79111701
190770807
48645440
