70
71
72
72
72
73
73
73
73
73
74
74
75
75
75
76
76
77
77
77
78
78
78
79
79
79
81
81
81
81
82
82
83
83
84
84
85
87
87
88
88
89
89
89
90
90
90
91
91
91
92
93
93
93
95
95
95
96
96
96
96
97
97
97
98
98
99
99
99
99
100
100
100
101
101
101
102
102
102
103
103
105
105
105
105
105
106
106
106
108
109
109
109
109
110
110
111
111
111
111
112
112
113
113
113
113
113
114
114
114
117
118
118
118
121
122
122
122
122
122
123
123
124
124
126
126
126
126
127
127
127
128
128
128
128
129
130
130
131
131
131
131
131
132
132
133
133
133
133
134
134
134
134
134
135
135
136
136
136
136
136
136
137
137
138
138
139
139
141
141
142
142
142
142
143
144
144
144
144
145
145
145
146
147
147
148
148
152
152
152
154
154
155
155
156
156
156
157
157
158
159
160
161
161
161
162
162
165
166
168
168
171
175
176
176
178
180
180
183
184
185
185
187
191
192
193
196
197
198
199
201
202
202
202
202
204
206
208
210
211
211
212
214
214
215
217
218
219
220
221
222
223
223
224
226
226
232
234
236
237
240
240
242
249
253
262
262
268
271
271
281
287
290
290
293
298
302
304
307
307
309
311
312
318
318
318
319
320
323
325
328
332
335
337
344
346
354
365
373
373
380
392
397
401
410
410
417
422
429
429
431
439
439
439
442
443
447
452
464
468
480
480
489
492
493
493
494
502
512
524
527
537
544
584
593
616
619
619
635
729
743
755
755
759
762
774
797
837
871
891
907
930
930
931
953
968
977
