200
201
202
202
207
210
211
213
215
217
222
225
229
230
237
237
240
241
241
242
242
243
245
245
246
251
252
252
258
258
259
264
265
266
266
270
270
275
275
275
277
279
279
282
285
285
289
294
295
307
313
315
316
317
319
320
330
330
332
336
336
339
342
345
347
347
352
353
361
362
363
364
366
371
378
382
387
388
388
389
394
399
404
404
405
405
407
408
410
410
411
412
421
433
436
437
441
441
444
448
449
449
450
456
456
456
458
461
461
466
467
469
473
473
478
478
481
482
483
483
486
487
489
489
494
494
494
495
497
501
505
508
509
515
520
524
526
526
527
528
528
530
530
535
536
537
538
539
541
542
543
544
545
547
548
548
548
549
550
550
550
551
554
558
559
560
562
564
566
567
567
567
568
569
570
571
578
580
581
584
587
587
587
587
588
589
589
589
594
596
599
600
605
608
610
616
617
621
623
623
627
628
629
631
632
636
638
639
640
642
643
647
648
650
651
652
653
653
654
656
657
658
668
671
673
677
679
679
680
684
684
686
687
688
689
690
693
695
697
697
698
700
702
706
711
714
716
717
719
720
724
724
727
729
730
737
745
746
747
747
747
748
748
750
754
758
758
759
759
763
763
764
774
775
777
780
780
782
784
785
790
794
795
799
800
802
804
804
805
806
810
811
814
814
820
822
823
823
823
824
824
827
828
833
836
840
841
841
846
847
847
854
866
870
870
873
873
873
874
876
877
879
881
881
882
882
890
891
892
893
893
895
896
899
902
907
910
911
911
913
914
914
916
917
922
930
940
940
941
942
946
947
952
953
955
955
957
963
965
967
970
972
975
975
978
983
984
984
987
995
995
1000
1004
1005
1010
1013
1013
1017
1020
1025
1026
1027
1028
1029
1030
1030
1037
1038
1045
1051
1054
1056
1056
1061
1065
1067
1068
1069
1072
1073
1074
1076
1076
1079
1080
1080
1081
1081
1084
1087
1087
1090
1091
1094
1099
1101
1103
1105
1105
1106
1106
1107
1110
1110
1111
1111
1114
1119
1127
1128
1129
1130
1131
1132
1133
1133
1135
1139
1144
1144
1144
1148
1152
1158
1161
1162
1165
1166
1173
1175
1175
1176
1177
1177
1179
1179
1184
1187
1199
1209
1227
1238
1245
1248
1277
1281
1284
1288
1300
1305
1315
1318
1319
1319
1336
1343
1348
1348
1378
1384
1387
1413
1415
1422
1432
1453
1457
1463
1486
1487
1511
1516
1517
1527
1542
1552
1554
1566
1583
1597
1597
1602
1608
1648
1670
1671
1673
1682
1702
1705
1707
1716
1723
1724
1726
1729
1732
1732
1734
1753
1753
1777
1802
1812
1818
1827
1835
1853
1865
1874
1879
1890
1891
1896
1927
1944
1949
1950
1960
1964
1973
1978
1982
1994
2020
2021
2031
2046
2053
2077
2111
2135
2138
2156
2206
2255
2324
2340
2348
2384
2393
2465
2492
2508
2514
2522
2535
2546
2553
2565
2589
2592
2616
2633
2653
2661
2703
2715
2732
2736
2787
2803
2812
2820
2860
2905
2915
2918
2924
2944
2956
3010
3015
3032
3069
3086
3086
3134
3160
3163
3191
3264
3266
3267
3312
3364
3388
3403
3823
3847
3889
3936
3959
3975
3995
4011
4218
4296
4315
4355
4382
4519
4632
4646
4940
4968
4990
5010
5061
5184
5194
5208
5251
5276
5281
5379
5444
5455
5532
5702
5714
5879
6149
6192
6231
6326
6402
6464
6501
6555
6588
6702
6954
7123
7259
7332
7363
7513
7565
7586
7709
7919
8049
8057
8098
8207
8408
8409
8463
8471
8665
8872
8966
9255
9296
9446
9623
